lastAccountName: Siri
timestamps:
  login: 1576006360340
  logout: 1576006815928
  lastteleport: 1576004766005
ipAddress: 127.0.0.1
money: '56788'
afk: false
logoutlocation:
  world: world
  x: 260.28656430348894
  y: 72.0
  z: 273.2742439748006
  yaw: -106.73877
  pitch: 5.2745566
godmode: true
lastlocation:
  world: world
  x: 260.5
  y: 85.0
  z: 260.5
  yaw: 0.0
  pitch: 0.0
